32 416 0
0 416 0
288 352 0
320 352 0
384 352 0
352 352 0
416 352 0
320 192 0
256 192 0
320 192 0
288 192 0
224 192 0
96 160 0
64 160 0
320 384 42
352 384 42
384 384 42
32 416 1
320 384 41
352 384 41
352 384 41
384 384 41
384 384 41
64 160 1
320 352 1
352 352 1
384 352 1
416 352 1
256 192 1
288 192 1
416 352 2
544 256 11
576 256 11
608 256 12
512 256 10
544 288 21
576 288 21
608 288 22
512 288 20
320 384 21
352 384 21
384 384 21
416 384 22
320 384 20
288 384 20
352 384 21
320 384 21
320 192 2
96 160 2
512 224 1
544 224 1
576 224 1
608 224 1
608 224 2
512 224 0
32 192 20
96 192 22
128 416 2
128 448 22
96 416 1
64 416 1
32 160 0
160 1184 51
128 1184 51
64 1184 51
64 1184 51
32 1184 51
64 1184 51
64 1184 51
96 1184 51
0 1184 51
192 1184 51
192 1184 51
224 1184 51
224 1184 51
256 1184 51
256 1184 51
320 1184 51
288 1184 51
288 1184 51
320 1184 51
352 1184 51
384 1184 51
384 1184 51
416 1184 51
480 1184 51
480 1184 51
544 1184 51
512 1184 51
512 1184 51
448 1184 51
448 1184 51
576 1184 51
576 1184 51
608 1184 51
608 1184 51
608 1184 51
640 1184 51
672 1184 51
704 1184 51
704 1184 51
768 1184 51
768 1184 51
768 1184 51
736 1184 51
768 1184 51
800 1184 51
800 1184 51
1088 1184 51
1088 1184 51
1056 1184 51
1088 1184 51
1120 1184 51
1184 1184 51
1184 1184 51
1184 1184 51
1152 1184 51
1152 1184 51
1216 1184 51
1248 1184 51
1248 1184 51
1280 1184 51
1312 1184 51
1312 1184 51
1344 1184 51
1376 1184 51
1376 1184 51
320 992 1
352 992 1
384 992 1
448 992 1
512 992 1
480 992 1
416 992 1
288 992 0
544 992 2
320 1024 21
480 1024 21
512 1024 21
544 1024 22
288 1024 20
704 1184 51
384 352 1
384 352 1
384 352 1
352 352 1
352 352 1
320 352 1
320 352 1
288 352 1
288 352 1
288 352 0
416 352 2
288 384 20
320 384 21
320 384 21
352 384 21
352 384 21
384 384 21
384 384 21
384 384 21
384 384 21
416 384 21
416 384 22
128 448 22
128 448 22
0 416 1
32 416 1
32 416 1
32 416 1
64 416 1
64 416 1
64 416 1
96 416 1
96 416 1
96 416 1
128 416 1
128 416 2
0 416 0
832 928 0
864 928 1
928 896 10
928 864 10
928 832 0
960 832 1
992 832 1
1024 832 1
1056 832 1
1088 832 2
1088 864 12
1088 896 12
1088 928 22
0 1184 1
32 1184 1
64 1184 1
96 1184 1
128 1184 1
160 1184 1
192 1184 1
224 1184 1
256 1184 1
288 1184 1
320 1184 1
352 1184 1
384 1184 1
416 1184 1
448 1184 1
480 1184 1
512 1184 1
544 1184 1
576 1184 1
608 1184 1
640 1184 1
672 1184 1
704 1184 1
736 1184 1
768 1184 1
800 1184 1
1056 1184 1
1088 1184 1
1120 1184 1
1152 1184 1
1184 1184 1
1216 1184 1
1248 1184 1
1280 1184 1
1312 1184 1
1344 1184 1
1376 1184 1
1472 800 3
832 544 5
864 544 5
896 544 5
928 544 5
640 608 6
352 640 1
352 640 1
352 640 1
384 640 1
320 640 1
288 640 1
256 640 1
224 640 0
416 640 2
224 672 20
416 672 22
384 672 21
352 672 21
320 672 21
288 672 21
256 672 21
192 512 3
1056 960 22
1056 992 12
1056 1024 12
1056 1056 12
1056 1088 12
1056 1120 12
1056 1152 12
1056 960 12
800 928 0
832 928 1
800 960 10
800 960 10
800 992 10
800 1024 10
800 1056 10
800 1120 10
800 1152 10
736 160 1
768 160 1
800 160 1
832 160 1
864 160 1
896 160 1
928 160 1
1568 32 0
1568 32 10
1568 0 10
1568 64 10
736 192 21
768 192 21
800 192 21
832 192 21
832 192 21
864 192 21
896 192 21
928 192 21
704 192 20
704 160 0
1568 64 11
1408 544 3
1216 992 5
1248 992 5
352 1024 21
384 1024 21
384 1024 21
416 1024 21
448 1024 21
96 0 21
128 0 21
160 0 21
64 0 21
32 0 21
0 0 12
0 32 12
0 64 12
0 96 12
0 128 12
0 160 12
0 160 12
0 192 12
0 224 12
0 224 12
0 256 12
0 288 12
0 320 12
0 352 12
0 352 12
0 384 12
0 416 12
0 480 12
0 512 12
0 544 12
0 576 12
0 608 12
0 640 12
0 672 12
0 704 12
0 704 12
0 736 12
0 768 12
0 800 12
0 832 12
0 832 12
0 864 12
0 896 12
0 928 12
0 960 12
0 992 12
0 1024 12
0 1056 12
0 1088 12
0 1120 12
0 1152 12
0 0 11
32 32 41
64 32 41
32 32 51
64 32 51
32 64 51
32 96 51
32 128 51
64 64 51
96 32 51
96 64 51
64 96 51
64 128 51
96 96 51
96 128 51
128 32 51
160 32 51
128 64 51
128 96 51
192 32 62
160 64 62
128 96 62
128 96 62
128 96 62
96 128 62
224 0 62
928 928 10
800 1184 10
1056 1184 10
1056 1184 12
1216 992 4
1248 992 6
1472 800 3
608 224 2
608 224 2
608 288 22
928 160 2
928 192 22
0 1184 1
32 1184 1
64 1184 1
0 1184 5
32 1184 5
64 1184 5
96 1184 5
128 1184 5
160 1184 5
192 1184 5
224 1184 5
256 1184 5
288 1184 5
320 1184 5
352 1184 5
384 1184 5
416 1184 5
448 1184 5
480 1184 5
512 1184 5
544 1184 5
576 1184 5
608 1184 5
640 1184 5
672 1184 5
704 1184 5
736 1184 5
768 1184 5
1088 1184 5
1120 1184 5
1184 1184 5
1152 1184 5
1216 1184 5
1248 1184 5
1280 1184 5
1312 1184 5
1344 1184 5
1376 1184 5
800 1024 10
800 1024 10
800 1024 10
800 1056 10
800 1088 10
1088 800 30
1088 800 30
1088 800 30
1088 800 30
544 960 30
288 960 32
224 608 32
608 192 32
832 544 4
928 544 6
640 608 5
832 512 30
128 384 31
768 1152 27
768 1152 31
1120 96 1
1152 96 1
1184 96 1
1216 96 1
1056 128 1
1088 128 1
1024 128 1
1344 96 1
1440 96 1
1472 96 1
1504 96 1
1536 96 1
1568 96 1
1568 64 10
1568 96 10
32 192 10
96 192 12
32 448 20
0 448 12
256 0 5
224 0 5
288 0 5
288 0 5
320 0 5
320 0 5
352 0 5
384 0 5
384 0 5
416 0 5
416 0 5
448 0 5
480 0 5
512 0 5
544 0 5
576 0 5
608 0 5
640 0 5
640 0 5
672 0 5
672 0 5
704 0 5
704 0 5
736 0 5
768 0 5
768 0 5
800 0 5
832 0 5
864 0 5
896 0 5
896 0 5
928 0 5
960 0 5
992 0 5
992 0 5
1024 0 5
1056 0 5
1056 0 5
1088 0 5
1120 0 5
1120 0 5
1184 0 5
1184 0 5
1152 0 5
1216 0 5
1248 0 5
1280 0 5
1312 0 5
1344 0 5
1344 0 5
1376 0 5
1408 0 5
1440 0 5
1440 0 5
1472 0 5
1504 0 5
1536 0 5
192 0 21
0 0 21
0 0 12
1344 256 3
1536 64 39
96 448 11
64 448 11
64 448 1
96 448 1
64 192 11
64 192 1
1120 128 11
1120 128 1
960 864 51
992 864 51
1024 864 51
1024 864 51
1056 864 51
1056 896 51
1056 928 51
1024 928 51
1024 896 51
992 896 51
960 896 51
960 928 51
992 928 51
992 960 51
1024 960 51
1024 992 51
1024 1024 51
1024 1056 51
1024 1088 51
1024 1120 51
1024 1152 51
1024 1184 51
992 1184 51
992 1184 51
960 1184 51
928 1184 51
896 1184 51
896 1184 51
864 1184 51
832 1184 51
832 1184 51
832 1152 51
832 1152 51
832 1120 51
832 1088 51
832 1056 51
832 1056 51
832 1024 51
832 992 51
832 960 51
832 960 51
864 960 51
896 960 51
928 960 51
960 960 51
960 960 51
992 992 51
992 1024 51
928 1024 51
928 992 51
864 992 51
864 992 51
928 992 51
928 992 51
960 992 51
960 1024 51
928 1024 51
896 1024 51
896 1024 51
896 992 51
864 1024 51
864 1056 51
896 1120 51
896 1120 51
896 1152 51
864 1152 51
864 1152 51
864 1088 51
896 1088 51
928 1088 51
896 1056 51
896 1088 51
864 1120 51
928 1120 51
960 1152 51
960 1152 51
928 1184 51
992 1152 51
992 1152 51
1024 1120 51
992 1120 51
960 1120 51
960 1120 51
992 1088 51
992 1088 51
960 1088 51
992 1056 51
960 1056 51
960 1056 51
928 1056 51
928 1120 51
928 1152 51
1504 1088 50
1472 1120 50
1440 1152 50
1408 1184 50
1440 1184 51
1472 1152 51
1472 1152 51
1472 1184 51
1504 1184 51
1504 1120 51
1504 1120 51
1504 1152 51
1504 1152 51
1536 1184 51
1568 1152 51
1536 1120 51
1536 1152 51
1536 1152 51
1568 1152 51
1568 1184 51
1568 1120 51
1568 1120 51
1568 1088 51
1536 1088 51
896 928 11
896 928 1
1408 1152 3
1440 1120 3
1472 1088 3
1504 1056 3
1536 1056 3
1568 1056 3
1408 1152 40
1440 1120 40
1472 1088 40
1504 1056 40
1536 1056 41
1568 1056 41
